seg	po	OP	AT	OS	ZM	AC	NT	MT	GM	GG	GU	LE	ST
1	1	1	-1	-1	-1	-1	-1	-1	-1	-1	-1	-1	-1
1	3	-0.98793097	-1	0.181797895	-0.362703165	-0.322832596	-0.074868896	0.316788783	0.126696917	-0.345334176	0.009279577	0.188195038	1
1	5	-0.793880776	-0.907926051	-1	-1	-1	-1	1	-0.036536375	-0.594577614	-0.618567104	-1	-0.176932011
1	7	0.105507818	-1	-1	-1	-1	-1	-1	-0.690660656	1	-1	-1	0.944780955
1	9	-1	-0.993915372	0.036014997	1	-0.728634172	-0.911001607	0.712351366	-0.649105517	-0.955093733	-0.873893948	-0.246791644	0.946309588
1	11	1	-1	-1	-1	-1	-1	-1	-1	-1	-1	-1	-1
1	13	1	-1	-1	-1	-1	-1	-1	-1	-1	-1	-1	-1
1	15	1	-1	-1	-1	-1	-1	-1	-1	-1	-1	-1	-1
1	17	1	-1	-1	-1	-1	-1	-1	-1	-1	-1	-1	-1
1	19	1	-1	-1	-1	-1	-1	-1	-1	-1	-1	-1	-1
1	21	1	-1	-1	-1	-1	-1	-1	-1	-1	-1	-1	-1
1	23	1	-1	-1	-1	-1	-1	-1	-1	-1	-1	-1	-1
1	25	1	-1	-1	-1	-1	-1	-1	-1	-1	-1	-1	-1
1	27	1	-1	-1	-1	-1	-1	-1	-1	-1	-1	-1	-1
1	29	1	-1	-1	-1	-1	-1	-1	-1	-1	-1	-0.209985316	-1
1	31	-0.21038961	-1	-1	-1	-1	-1	-1	-1	-1	-1	0.655844156	1
1	33	1	-1	-1	-1	-1	-1	-1	-1	-1	-1	-1	-1
1	35	1	-1	-1	-1	-1	-1	-1	-1	-1	-1	-1	-1
1	37	1	-1	-1	-1	-1	-1	-1	-1	-1	-1	-1	-1
1	39	1	-1	-1	-1	-1	-1	-1	-1	-1	-1	-1	-1
1	41	1	-1	-1	-1	-1	-1	-1	-1	-1	-1	-1	-1
1	43	1	-1	-1	-1	-1	-1	-1	-1	-1	-1	-1	-1
1	45	1	-1	-1	-1	-1	-1	-1	-1	-1	-1	-1	-1
1	47	1	-1	-1	-1	-1	-1	-1	-1	-1	-1	-1	-1
1	49	1	-1	-1	-1	-1	-1	-1	-1	-1	-1	-1	-1
1	51	1	-1	-1	-1	-1	-1	-1	-1	-1	-1	-1	-1
1	53	1	-1	-1	-1	-1	-1	-1	-1	-1	-1	-1	-1
1	55	1	-1	-1	-1	-1	-1	-1	-1	-1	-1	-1	-1
1	57	1	-1	-1	-1	-1	-1	-1	-1	-1	-1	-1	-1
1	59	0.285434036	1	-1	-1	-0.557135851	-1	-1	-1	-1	-1	-1	-1
1	61	0.09234073	-1	-1	-1	-1	-1	-1	-1	-1	-1	1	-0.598425197
1	63	-0.667600897	-1	-0.85117713	-1	-0.619674888	-0.607903587	-0.254204036	-1	-1	-0.426849776	-0.901065022	1
1	65	-0.981126988	-1	-0.933360295	0.403433091	-0.915385998	-1	-1	-1	-1	-1	-1	1
1	67	-0.931047164	-1	-1	-1	-1	-1	1	-1	-1	-1	-1	-1
1	69	-0.824742268	-1	1	-1	-1	-1	-1	-1	-1	-1	-1	-1
1	71	1	-1	-1	-1	-1	-1	-1	-1	-1	-1	-1	-1
1	73	-0.978605935	-1	-1	-1	-1	-1	-0.801828847	1	0.012111801	-0.973360939	-1	-1
1	75	1	-1	-1	-1	-1	-1	-1	-1	-1	-1	-1	-1
1	77	1	-0.680077341	-1	-1	-1	-1	-1	-1	-1	-1	-1	-1
1	79	-0.860260337	-1	-1	-1	-1	-1	0.484303216	-0.656584992	0.239663093	1	-1	-1
1	81	-0.472730589	-1	-1	-0.701404511	-1	-1	-1	-1	-1	-1	1	-1
1	83	1	-1	-1	-1	-1	-1	-1	-1	-1	-1	-1	-1
1	85	1	-1	-1	-1	-1	-1	-1	-1	-1	-1	-1	-1
1	87	1	-1	-1	-1	-1	-1	-1	-1	-1	-1	-1	-1
1	89	1	-1	-1	-1	-1	-1	-1	-1	-1	-1	-1	-1
1	91	1	-1	-1	-1	-1	-1	-1	-1	-1	-1	-1	-1
1	93	1	-1	-1	-1	-1	-1	-1	-1	-1	-1	-1	-1
1	95	1	-1	-1	-1	-1	-1	-1	-1	-1	-0.978848365	-1	-1
1	97	1	-1	-1	-1	-1	-1	-1	-1	-1	-1	-1	-1
1	99	1	-1	-1	-1	-1	-1	-1	-1	-1	-1	-1	-1
1	101	1	-1	-1	-1	-1	-1	-1	-1	-1	-1	-1	-1
1	103	1	-1	-1	-1	-1	-1	-1	-1	-1	-1	-1	-1
1	105	1	-1	-1	-1	-1	-1	-1	-1	-1	-1	-1	-1
1	107	-0.729675207	-1	-1	-1	-1	-1	-0.938134624	1	-1	-1	-1	-1
1	109	1	-1	-1	-1	-1	-1	-1	-1	-1	-1	-1	-1
1	111	-0.466227348	-1	-1	-1	-1	-1	-1	1	-1	-1	-1	-1
1	113	1	-1	-1	-1	-1	-1	-1	-1	-1	-1	-1	-1
1	115	1	-1	-1	-1	-1	-1	-1	-1	-1	-1	-1	-1
1	117	1	-1	-1	-1	-1	-1	-1	-1	-1	-1	-1	-1
1	119	1	-1	-1	-0.944604092	-1	-1	-1	-1	-1	-1	-1	-1
1	121	-0.970510155	-0.942043819	-0.824276347	0.089972813	-0.508332001	-1	-0.842827443	-0.852678714	0.332672317	-0.108779786	0.311114665	1
1	123	-1	-0.864081868	-0.603776304	-0.639233208	1	-0.671951571	-0.234938022	-0.096641683	-0.385701931	-0.437950418	-0.237748631	-0.460507351
1	125	0.508307419	-1	-1	-1	-1	-1	0.304753443	0.250733008	-1	-1	-1	1
1	127	1	-1	-1	-1	-1	-1	-1	-1	-1	-1	-1	-1
1	129	-0.682888729	-0.755827926	-0.458663783	-0.760033646	-0.121365056	-0.45541937	1	0.600456621	-0.717495794	-0.277337179	-0.876111512	-1
1	131	-0.858514307	-1	-1	-1	1	-1	-0.814707801	-1	-1	-1	-1	-1
1	133	-0.910380447	-0.733905579	-1	-0.454862879	-0.656361388	-0.625518295	1	-0.439732305	-0.60689605	-0.17931185	-1	-1
1	135	-0.875343492	-0.842618036	0.142643018	-0.799650262	-1	-0.620534599	-0.61304022	-0.725705721	-1	-1	1	-0.664751436
1	137	-0.902407287	-0.449360226	-0.769464324	-1	-1	-0.704402516	-0.652569941	1	-1	-0.914335285	-1	-0.848189113
1	139	-0.356187479	-1	-1	-1	-1	1	-1	-1	-1	-1	-1	-1
1	141	-0.342528736	-1	1	-1	-0.456551724	-0.387126437	-1	-1	-1	-1	-1	-1
1	143	-0.943001586	-0.883029342	-0.869845361	-1	-0.948949247	1	-1	-0.870043616	-0.924861221	-1	-0.941019033	-0.897799366
1	145	-1	-0.909751014	1	-0.931740614	0.029262203	0.322514144	-0.174851685	-0.414641409	-0.735563598	-0.91185835	-0.842694184	-0.783894908
1	147	-0.416893353	-1	-0.240845365	-0.128967008	-0.837343935	-0.828276487	-0.111111111	-0.389412011	-0.60689126	-0.566296994	-0.896770594	1
1	149	-0.70646438	0.986807388	-0.472295515	-1	-1	-1	-0.211081794	-1	-1	1	-1	-0.705804749
1	151	-0.578132559	-0.619738752	0.1301403	-0.00822448	-1	-0.685534591	1	0.011127238	-1	-0.233671988	0.265602322	-0.283018868
1	153	-0.889974448	-0.647677739	-1	-1	-1	-0.789869232	1	-0.698782504	-0.846685706	-0.647677739	-0.784458139	0.021794679
1	155	-0.828484695	-1	-0.362003542	0.040728561	-1	-1	-0.763723754	-0.719706552	1	0.074120921	-1	-1
1	157	0.439732665	-0.991378446	-1	-0.575984405	-1	-0.731907547	-1	-1	-1	-1	1	0.761915901
1	159	1	-1	-1	-1	-1	-1	-1	-1	-1	-1	-0.700873985	-0.78168521
1	161	1	-1	-1	0.06265228	-1	0.747302471	-1	-1	-1	-1	-1	-1
1	163	0.346060815	-1	-1	-0.162232205	-1	-1	-1	-1	-1	-1	-0.132861092	1
1	165	-0.03998546	-1	-1	-0.687386405	-1	1	-1	-1	-1	-1	-0.621955652	-0.411123228
1	167	-0.946089443	-1	-1	1	-1	-0.910875139	-1	-1	-1	-1	-0.235132621	0.743879473
1	169	1	-1	-1	-1	-1	-1	-1	-1	-1	-1	-1	-1
1	171	1	-1	-1	-1	-1	-1	-1	-1	-1	-1	-1	-1
1	173	-0.848380648	-0.932506997	-1	1	-1	-1	-1	-1	-1	-1	0.323470612	-0.58912435
1	175	1	-1	-1	-1	-1	-1	-1	-1	-1	-1	-1	-1
1	177	1	-1	-0.994002171	-1	-1	-1	-1	-1	-1	-1	-1	-1
1	179	0.467287303	-1	-1	-1	-1	-1	-1	0.255236618	-1	-1	1	0.138522541
1	181	1	-1	-1	-1	-1	-1	-1	-1	-1	-1	-0.824975418	-0.767551622
2	1	-1	1	-1	-1	-1	0.080199563	-1	-1	-0.784159651	-0.847645775	-1	-1
2	3	-1	1	-1	-1	-1	-1	-1	-1	-0.909398073	-1	-1	-1
2	5	-1	1	-0.158124146	-0.977572167	-1	-1	-1	-1	-0.965605373	-1	-1	-1
2	7	-1	1	-0.158124146	-0.977572167	-1	-1	-1	-1	-0.965605373	-1	-1	-1
2	9	-1	1	-1	-1	-1	-1	-1	-1	-1	-1	-1	-1
2	11	-1	1	-1	-1	-1	-1	-1	-1	-1	-1	-1	-1
2	13	-1	1	-1	-1	-1	-1	-1	-1	-1	-0.875420875	-1	-1
2	15	-1	1	-1	-1	-1	-1	-1	-1	-1	-1	-1	-1
2	17	-1	1	-1	-1	-1	-1	-1	-1	-1	-1	-1	-1
2	19	-1	1	-1	-1	-1	-1	-1	-1	-1	-1	-1	-1
2	21	-1	1	-1	-1	-1	-1	-1	-1	-1	-1	-1	-1
2	23	-1	1	-1	-1	-1	-1	-1	-1	-1	-1	-1	-1
2	25	-1	1	-1	-1	-1	-1	-1	-1	-1	-1	-1	-1
2	27	-1	1	-1	-1	-1	-1	-1	-1	-1	-1	-1	-1
2	29	-1	1	-1	-1	-1	-1	-1	-1	-1	-1	-1	-1
2	31	-1	1	-1	-1	-1	-1	-1	-1	-1	-1	-1	-1
2	33	-1	1	-1	-1	-1	-1	-1	-1	-1	-1	-1	-1
2	35	-1	1	-1	-1	-1	-1	-1	-1	-1	-1	-1	-1
2	37	-1	1	-1	-1	-1	-1	-1	-1	-1	-1	-1	-1
2	39	-1	1	-0.16907716	0.365391675	0.702811835	-0.204904192	0.332207621	-1	-1	-1	-0.746274136	-1
2	41	-1	1	-1	-1	-1	-0.852009744	-1	-1	-1	-1	-1	-1
2	43	-1	1	-0.372269005	-0.707400365	0.413481315	0.913849975	0.872094377	-1	-0.976328146	-1	-0.721758702	-1
2	45	-1	1	-1	-1	-0.275957801	-1	-1	-1	-1	-1	-0.880436794	-0.931704609
2	47	-1	1	-1	-1	-1	-1	-1	-1	-1	-1	-1	-0.955319322
2	49	-1	1	-1	-1	-1	-1	-1	-1	-1	-1	-1	-0.933819065
3	1	-1	-0.854159935	0.864660743	0.568578352	0.689620355	0.250565428	1	-0.345799677	-0.799192246	-0.37552504	0.106946688	0.088247173
3	3	-1	-1	1	-0.655386694	-1	-1	-0.761702128	-1	-1	-0.947450186	-0.827895981	-0.094089835
3	5	-1	-1	0.785535565	-0.681043727	-0.64625283	-0.95067318	1	-0.716668652	-0.87322769	-0.797092815	-0.957583701	-0.859644942
3	7	-1	-1	1	-0.796355221	-1	-1	-1	-1	-1	-1	-1	-1
3	9	-1	-1	1	-0.749492002	-1	-1	-1	-1	-0.372271141	-0.612879696	-1	-1
3	11	-1	-1	1	-1	-1	-1	-1	-1	-1	-1	-1	-1
3	13	-1	-1	1	-1	-1	-1	-1	-1	-0.16240776	-0.873042983	-1	-1
3	15	-1	-1	1	-0.391976445	-0.710710342	-1	-1	-1	0.335848362	-1	-1	-1
3	17	-1	-1	1	-1	-1	-1	-1	-1	-1	-1	-1	-1
3	19	-1	-1	1	-0.898433279	-1	-1	-1	-1	-1	-1	-1	-1
3	21	-1	-1	1	-1	-1	-1	-1	-1	-1	-1	-1	-0.8911762
3	23	-1	-1	1	-1	-1	-1	-1	-1	-1	-1	-1	-1
3	25	-1	-1	1	-1	-1	-1	-1	-1	-1	-1	-1	-1
3	27	-1	-1	1	-0.592197082	-1	-1	-0.823641362	-1	-1	-1	-1	-1
3	29	-1	-1	1	-0.779010633	-1	-1	-1	-1	-1	-1	-1	-1
3	31	-1	-0.826877934	1	-1	-1	-1	-1	-1	-1	-1	-1	-1
3	33	-1	0.319278839	1	-0.943327108	-1	-1	-1	-1	-0.909136618	-0.930828904	-1	-0.936934349
3	35	-1	0.060648077	1	-1	-1	-1	-1	-1	-1	-1	-1	-1
3	37	-1	-0.826615362	0.435774512	-0.178704346	1	-0.924977396	-0.608696566	0.325343258	-0.477196745	-0.821484892	0.501082865	-0.539140857
3	39	-1	-0.88716533	1	-0.963615383	-0.863123147	0.044958591	-0.547916393	-0.554357828	-0.859617604	-0.900267298	-0.973752246	-0.827293575
3	41	-1	-1	1	0.102355233	0.013104303	-1	-1	-1	-1	-1	-1	-1
3	43	-1	-0.944143279	1	-0.98058815	-0.220323734	0.303552231	-0.155134686	-0.54245675	-0.932660857	-0.940071822	-0.949678629	-0.964241329
3	45	-1	-0.881732797	1	-0.930611463	-0.914893617	-1	-0.130918152	-0.735096799	-0.741422273	-1	0.311098332	-1
3	47	-1	-0.916081759	1	-1	-1	0.189664481	-0.930273814	-0.946317007	-0.932279213	-0.921326649	-0.924411878	-0.709679907
3	49	-1	-1	1	-1	-0.920860152	-0.419689877	-1	-1	-1	-1	-0.865272089	-1
4	1	-1	-1	-1	1	-1	-1	-1	-1	0.583803777	-0.729803387	-1	-1
4	3	-1	-1	-1	1	-1	-1	-1	-1	-1	-1	-1	-1
4	5	-1	-1	-1	1	-1	-1	-1	-1	-1	-1	-1	-1
4	7	-1	-1	-1	1	-1	-1	-1	-1	-1	-1	-1	-1
4	9	-1	-1	-1	1	-1	-1	-1	-1	-1	-1	-1	-1
4	11	-1	-1	-1	1	-1	-1	-1	-1	-1	-1	-1	-1
4	13	-1	-1	-1	1	-1	-1	-1	-1	-1	-1	-1	-1
4	15	-1	-1	-1	1	-1	-1	-1	-1	-1	-1	-1	-1
4	17	-1	-1	-1	1	-1	-1	-0.202563999	-1	-1	-1	-1	-1
4	19	-1	-1	-1	1	-1	-1	-1	-1	-1	-1	-1	-1
4	21	-1	-1	-1	1	-1	-1	-1	-1	-0.932107444	-0.966849193	-1	-1
4	23	-1	-1	-0.975580063	1	-0.628258379	-1	-0.518834145	-1	-0.860283586	-1	-0.190704669	-0.934187912
4	25	-1	-1	-0.691692994	1	-1	-1	-1	-1	-1	-1	-1	-1
4	27	-1	-1	-0.753196186	1	-1	-1	-1	-1	-1	-1	-1	-1
4	29	-1	-1	-1	1	-1	-1	-1	-0.801544483	-1	-1	-1	-1
4	31	-1	-1	-1	1	-1	-1	-1	-1	-1	-1	-1	-1
4	33	-1	-1	-1	1	-1	-1	-1	-1	-1	-1	-1	-0.795556403
4	35	-1	-1	-0.890888639	1	-1	-1	-1	-1	-1	-1	-1	-1
4	37	-1	-1	-0.746666667	1	-1	-1	-1	-1	-1	-1	-1	-1
4	39	-1	-1	-0.627577166	1	-1	-1	-1	-1	-1	-1	-1	-1
4	41	-1	-1	-1	1	-1	-1	-1	-1	-1	-1	-1	-1
4	43	-1	-1	-0.644032533	1	-1	-1	-1	-1	-1	-1	-1	-1
4	45	-1	0.864167022	-1	1	-1	-1	-1	-1	-1	-1	-1	-1
4	47	-1	-0.85356117	-0.554817195	0.972226279	-0.387858429	-0.910082274	-0.561121659	-0.88459666	-0.776739205	-0.825495351	1	-0.289810623
4	49	-1	-1	-0.508283632	1	-0.698174589	-0.751792277	-1	-1	-1	-1	-0.633110428	-1
4	51	-1	-1	-1	1	-1	-0.798059115	-1	-0.450033336	-0.007926513	-0.306911623	-1	-0.043632862
4	53	-1	-1	-1	1	-1	-1	-1	-1	-1	-1	-1	-1
4	55	-1	-1	-0.52803948	1	-1	-1	-0.861148497	-0.909825034	-1	-1	-0.902198295	-1
4	57	-1	-1	-0.936941086	1	-1	-1	-1	-1	-1	-1	-0.948148148	-0.955363654
4	59	-1	-1	-1	1	-1	-1	-0.860382075	-1	-1	-1	-1	-1
5	1	-1	-1	-1	-1	1	-1	-1	-1	-1	-1	-1	-1
5	3	-1	-1	-1	-1	1	-1	-1	-1	-1	-1	-1	-1
5	5	-1	-1	-1	-1	1	-1	-1	-1	-1	-1	-1	-1
5	7	-1	-1	-1	-1	1	-1	-1	-1	-1	-1	-1	-1
5	9	-1	-1	-1	-1	1	-1	-1	-1	-1	-1	-1	-1
5	11	-1	-0.948602134	-1	-1	1	-1	-1	-1	-0.819328713	-0.855930224	-1	-1
5	13	-1	-1	-1	-0.986307371	1	-1	-1	-1	-1	-1	-1	-1
5	15	-1	-0.964585162	-0.050172146	-0.993681226	1	0.120515763	-0.155066496	-0.894835617	-0.968041585	-0.992061027	-0.051927361	-0.989158172
5	17	-1	-1	-0.991692913	-1	1	-1	-1	-1	-0.980354331	-1	-1	-1
5	19	-1	-1	-1	-1	1	-1	-1	-1	-1	-1	-1	-1
5	21	-1	-1	-1	-1	1	-1	-1	-1	-1	-1	-1	-1
5	23	-1	-1	-1	-1	1	-1	-1	-1	-1	-1	-1	-1
5	25	-1	-1	-1	-1	1	-1	-1	-1	-1	-1	-1	-1
5	27	-1	-1	-1	-1	1	0.303961382	-1	-0.097233928	-0.835568156	-0.787908972	-0.906520573	-0.900390775
5	29	-1	-1	-1	-1	1	-1	-1	-1	-1	-1	-1	-1
5	31	-1	-1	-1	-1	1	-1	-1	-1	-1	-1	-1	-1
5	33	-1	-1	-1	-1	1	-1	-1	-1	-1	-1	-1	-1
5	35	-1	-1	-1	-1	1	-1	-1	-1	-1	-1	-1	-1
5	37	-1	-1	-1	-1	1	-1	-1	-1	-1	-1	-1	-1
5	39	-1	-1	-1	-1	1	-1	-1	-1	-1	-1	-1	-1
5	41	-1	-1	-1	-1	1	-1	-1	-1	-1	-1	-1	-1
5	43	-1	-1	-1	-1	1	-1	-1	-1	-1	-1	-1	-1
6	1	-1	-0.621129768	-1	-1	-1	1	-1	-0.973308745	-0.940357178	-0.981316122	-1	-1
6	3	-1	-1	-0.559238189	-0.934701954	-0.64382884	0.459411328	1	0.333663121	-0.962898837	-0.683997032	-1	-0.903042295
6	5	-1	-1	-0.955423626	-0.934493862	-0.737572952	0.774602536	-0.452304287	1	-1	-0.52575971	-0.934393238	-0.854900382
6	7	-1	-1	-0.893816911	-0.858422548	-0.773869347	1	-0.520428228	0.047192484	-0.89731265	-0.437841381	-0.874153376	-0.697618527
6	9	-1	-1	-1	-1	-1	1	-1	-1	-1	-1	-1	-1
6	11	-1	-1	-1	-1	-1	1	-1	-1	-0.878614158	-1	-1	-1
6	13	-1	-1	-1	-1	-1	1	-1	-1	-1	-1	-1	-1
6	15	-1	-1	-1	-1	-1	1	-1	-1	-1	-1	-1	-1
6	17	-1	-1	-1	-1	-1	1	-1	-1	-1	-1	-1	-1
6	19	-1	-1	-1	-1	-1	1	-1	-1	-1	-1	-1	-1
6	21	-1	-1	-0.767663457	-0.92356817	-0.120527116	1	-0.775367461	-1	-0.725899645	-0.440040547	-0.492752154	-0.561074506
6	23	-1	0.072930031	-0.637027534	-1	-0.91927366	1	-0.653607027	-0.229448337	-1	-1	-1	-1
6	25	-1	-0.558444614	-0.71292429	-1	-0.654214954	1	-0.412318372	-0.822930761	-0.940114124	-0.947879287	-1	-1
6	27	-1	-0.219959998	-0.716703421	-1	-1	1	-0.463869942	-1	-1	-1	-0.651879584	-1
6	29	-1	-0.678223185	-0.278223185	-1	-0.098808234	1	-0.650487541	-0.82340195	-1	-1	-0.56836403	-0.906825569
6	31	-1	-0.085175534	-0.255145961	-0.451468392	-0.027493924	1	0.039235206	-1	-0.914883026	-1	-0.179135069	-1
6	33	-1	-1	-0.81097158	-1	-1	1	-1	-0.885877947	-1	-1	-1	-1
6	35	-1	-1	-0.60921093	-1	-0.924593184	1	-1	-1	-1	-1	-1	-1
6	37	-1	-0.899912968	-1	-0.706048738	-1	1	-0.778285466	-0.893603133	-1	-1	-1	-1
6	39	-1	-0.953307393	-0.369997221	-0.958310172	-0.891397999	1	-0.691564758	-0.915300167	-0.948304614	-1	-0.929683157	-1
6	41	-1	-1	-1	-1	-1	1	-1	-1	-1	-1	-1	-1
6	43	-1	-1	-1	-1	-1	1	-1	-1	-1	-1	-1	-1
6	45	-1	-1	-1	-1	-1	1	-1	-1	-1	-1	-1	-1
7	1	-1	-1	-1	-1	-1	-1	1	-1	-1	-1	-1	-1
7	3	-1	-1	-1	-1	-0.946050096	-0.897238279	1	-0.664454435	-0.79918647	-0.777777778	-1	-0.800613716
7	5	-1	-1	-1	-1	-0.926976004	-0.841158979	1	-1	-1	-1	-0.852361524	-0.173155383
7	7	-1	-1	-1	-1	-1	-1	1	-1	-1	-1	-1	-1
7	9	-1	-1	-1	-1	-1	-1	1	-1	-1	-1	-1	-1
7	11	-1	-1	-0.816885389	-1	-0.031933508	-1	1	-1	-1	-1	-1	-0.916885389
7	13	-1	-1	-1	-0.996417705	-0.9603766	-1	1	-1	-1	-1	-1	-0.994373959
7	15	-1	-1	-1	-0.967806732	-1	-1	1	-0.757057546	-0.218241042	-0.735287731	0.305103149	-1
7	17	-1	-1	-1	-0.966337188	-0.714378963	-0.500652742	0.721279373	-1	-1	-1	0.063036181	1
7	19	-1	-1	-1	-1	-1	-1	1	-1	-1	-1	-1	-1
7	21	-1	-1	-1	-1	-1	-1	1	-1	-0.878993683	-0.862927666	-1	-1
7	23	-1	-1	0.245978167	-0.79610744	-1	-1	1	-1	-1	-1	-1	-1
7	25	-1	-1	-1	-1	-1	-1	1	-1	-1	-1	-1	-1
7	27	-1	-1	-1	-1	-1	-1	1	-1	-1	-1	-1	-1
7	29	-1	-1	-1	-1	-1	-1	1	-1	-0.878993683	-0.862927666	-1	-1
7	31	-1	-1	-1	-1	-1	-1	1	-1	-1	-1	-1	-1
7	33	-1	-1	-1	-1	-1	-1	1	-1	-1	-0.971291866	-1	-1
7	35	-1	-1	-1	-1	-1	-1	1	-1	-1	-1	-1	-1
7	37	-1	-1	-1	-0.926463837	-1	-1	1	-1	-1	-1	-1	-1
7	39	-1	-1	-1	-1	-1	-1	1	-1	-1	-1	-1	-1
7	41	-1	-1	-1	-1	-1	-1	1	-1	-1	-1	-1	-1
7	43	-1	-1	-1	-1	-1	-1	1	-1	-1	-1	-1	-1
7	45	-1	-1	-1	-1	-1	-1	1	-1	-1	-1	-0.961197402	-1
7	47	-1	-0.197881938	-0.024318494	-0.555010786	-0.361639537	-0.51637576	1	-1	-1	-1	-0.041184546	-1
7	49	-1	-0.908098883	-0.297889946	-0.851106744	-0.534236657	-0.136274307	1	-0.536615639	-0.823282995	-0.649203558	-0.902306578	-0.899048407
7	51	-1	-1	-1	-1	-1	-1	1	-1	-1	-1	-1	-1
7	53	-1	-1	-0.867126606	-1	-0.949020434	-1	1	-0.688276806	-0.920054771	-0.91394565	-0.911681062	-1
7	55	-1	-1	-1	-1	-0.505599227	-1	1	-1	-1	-1	-0.526415177	-0.785955821
7	57	-1	-1	-1	-1	-1	-1	1	-1	-1	-1	-1	-1
7	59	-1	-1	-1	-1	-1	-1	1	-0.648324873	-1	-0.892690355	-1	-1
7	61	-1	-1	-1	-1	-1	-1	1	0.583559519	-0.661302831	-0.912756883	-1	-1
7	63	-1	-1	-1	-1	-1	-1	1	-1	-1	-1	-1	-1
7	65	-1	-1	-1	-1	-1	-1	1	0.620242805	-0.662870004	-0.958191243	-1	-1
7	67	-1	-1	-1	-1	-1	-1	1	-1	-1	-1	-1	-1
7	69	-1	-1	-1	-1	-1	-1	1	-1	-1	-1	-1	-1
7	71	-1	-1	-1	-1	-1	-1	1	-1	-1	-1	-1	-1
7	73	-1	-1	-1	-1	-1	-1	1	-1	-1	-1	-1	-1
7	75	-1	-1	-1	-1	-1	-1	1	-1	-1	-1	-1	-1
7	77	-1	-1	-1	-1	-1	-1	1	-1	-1	-1	-1	-1
7	79	-1	-1	-1	-1	-1	-1	1	-1	-1	-1	-1	-1
7	81	-1	-1	-1	-1	-1	-1	1	-0.915867906	-1	-1	-1	-1
7	83	-1	-1	-1	-1	-1	-1	1	-1	-1	-1	-1	-1
7	85	-1	-1	-1	-1	-1	-1	1	-1	-1	-1	-1	-1
7	87	-1	-1	-1	-1	-1	-1	1	-1	-1	-1	-1	-1
7	89	-1	-1	-1	-1	-1	-1	1	-0.884615385	-1	-1	-1	-1
7	91	-1	-1	-1	-1	-1	-1	1	-1	-1	-1	-1	-1
8	1	-1	-1	-1	-1	-1	-1	-0.978521127	1	-0.909647887	-0.940985915	-1	-1
8	3	-1	-1	-1	-1	-1	-1	-1	1	-1	-1	-1	-1
8	5	-1	-1	0.364655633	-0.927567183	-0.813667912	-0.156255561	1	0.869371774	-1	-0.438690158	-0.929346859	-1
8	7	-1	-1	-0.895200832	-1	-0.773562478	-0.941954336	0.014214254	1	-1	-0.681343173	-1	-0.706800059
8	9	-1	-1	-0.188220041	-0.942952399	-0.545693647	0.282163364	1	0.812409706	-1	-0.632969068	-0.954584182	-0.756102982
8	11	-1	-1	0.165811683	-0.933642231	-0.303657124	0.305642893	0.456230349	1	-1	-0.6652325	-0.900049644	-0.639417508
8	13	-1	-1	-0.243357097	-0.955821992	-0.760531432	-0.495031324	1	0.679952474	-1	-0.529055952	-1	-0.763447829
8	15	-1	-1	-0.012825628	-0.951775637	-0.753747934	-0.503733683	0.04999145	1	-1	-0.444336773	-1	-0.824773414
8	17	-1	-1	-0.097521884	-1	-1	-0.510048083	-1	1	-1	-1	-0.232893601	-0.636789545
8	19	-1	-1	-0.924514474	-1	-1	-1	-1	1	-1	-1	-1	-1
8	21	-1	-0.93601111	-1	-1	-1	-1	-0.853968593	1	-1	-0.303172738	-1	-1
8	23	-1	-1	-1	-1	-1	-1	-1	1	-1	-1	-1	-1
8	25	-1	-0.957358238	-1	-0.985742942	-0.971227056	-1	-0.982140931	1	-1	-1	-0.9611328	-1
8	27	-1	-1	-1	-0.843457451	-1	-1	-1	1	-1	-1	-1	-1
8	29	-1	-1	-1	-1	-1	-1	-0.930383121	1	-0.529438647	-0.636529819	-1	-1
8	31	-1	-1	-1	-1	-1	-1	-1	1	-0.992187132	-0.992959355	-1	-1
8	33	-1	-1	-1	-1	-1	-1	-1	1	-0.63943662	-0.712807075	-1	-1
8	35	-1	-1	-1	-1	-1	-1	-1	1	-0.919044554	-1	-1	-1
8	37	-1	-1	-1	-1	-1	-1	-1	1	-1	-0.941833486	-1	-1
8	39	-1	-1	-1	-1	-1	-1	-1	1	-1	-1	-1	-1
8	41	-1	-1	-1	-1	-1	-1	-1	1	-0.977848835	-0.899902683	-1	-1
8	43	-1	-1	-1	-1	-1	-1	-1	1	-0.977612249	-1	-1	-1
8	45	-1	-1	-0.677098662	-0.828051931	-1	-1	1	0.447463946	0.094869028	-0.291736159	-0.898688643	-0.819156938
8	47	-1	-1	-1	-1	-1	-1	-0.718698074	1	-1	-0.895220409	-1	-1
8	49	-1	-1	-1	-1	-1	-1	-0.488564304	1	-1	-1	-1	-1
8	51	-1	-1	-1	-1	-1	-1	0.132421014	1	-0.748916238	-0.691660544	-1	-1
8	53	-1	-1	-1	-1	-1	-1	-1	1	-1	-1	-1	-1
8	55	-1	-1	-1	-1	-1	-1	-1	1	-1	-0.929809264	-1	-1
9	1	-1	-1	-1	-1	-1	-1	-1	-1	1	0.485161574	-1	-1
9	3	-1	-1	-1	-1	-1	-1	-1	-1	1	0.663034932	-1	-1
9	5	-1	-1	-1	-1	-1	-1	-1	-0.845899835	1	-0.283709411	-1	-1
9	7	-1	-1	-1	-1	-1	-1	-1	-1	1	-0.067656568	-1	-1
9	9	-1	-1	-1	-1	-1	-1	-1	-1	1	0.888510196	-1	-1
9	11	-1	-1	-1	-1	-1	-1	-1	-1	1	0.357290708	-1	-1
9	13	-1	-1	-1	-0.971172655	-1	-1	-1	-1	1	0.242046741	-1	-1
9	15	-1	-1	-1	-1	-1	-1	-1	-0.807077906	1	-0.411157533	-1	-1
9	17	-1	-1	-1	-1	-1	-1	-1	-1	1	-1	-1	-1
9	19	-1	-1	-1	-1	-1	-1	-1	-1	1	-0.901072913	-0.715964253	-1
9	21	-1	-1	-1	-1	-1	-1	-1	-1	1	-0.300967843	-1	-1
9	23	-1	-1	-1	-1	-1	-1	-1	-1	1	-1	-1	-1
9	25	-1	-1	-1	-1	-1	-1	-1	-1	1	-0.638263244	-1	-1
9	27	-1	-1	-0.799822186	-0.864861168	-1	-1	-1	-1	1	-0.100660453	-1	-1
9	29	-1	-1	-1	-1	-1	-1	-1	-1	1	-1	-1	-1
9	31	-1	-1	-1	-1	-1	-1	-0.984434389	-1	1	0.848190045	-1	-1
9	33	-1	-1	-1	-1	-1	-1	-1	-1	1	0.967238948	-1	-1
9	35	-1	-1	-1	-1	-1	-1	-1	-1	1	-0.131817658	-1	-1
9	37	-1	-0.924968977	-0.441189505	0.540507002	-0.567452579	-0.239363588	0.915085978	-0.348386811	1	-0.398244992	0.581058323	0.913313242
9	39	-1	-1	-1	-1	-1	-1	-1	-1	1	0.981293067	-1	-1
9	41	-1	-1	-1	-1	-1	-1	-1	-1	1	0.160420497	-1	-1
9	43	-1	-1	-1	-1	-1	-1	-1	-1	1	-0.973782235	-1	-1
9	45	-1	-1	-1	-1	-1	-1	-1	-1	1	-1	-1	-1
9	47	-1	-1	-1	-1	-1	-1	-0.562738637	-0.390135467	1	-0.740781422	-1	0.900099378
9	49	-1	-1	-1	-1	-1	-1	-0.926191812	0.075864648	1	0.463974575	-1	-0.297064872
9	51	-1	-1	-1	-1	-1	-1	-1	-1	1	0.449972729	-1	-1
9	53	-1	-1	-1	-1	-1	-1	-1	-1	1	0.967219589	-1	-1
9	55	-1	-1	-1	-1	-1	-1	-1	-1	1	0.479118487	-1	-1
9	57	-1	-1	-1	-1	-1	-1	-1	-1	1	-0.457988966	-1	-1
9	59	-1	-1	-1	-1	-1	-1	-1	-1	1	-1	-1	-1
9	61	-1	-1	-1	-1	-1	-1	-1	-1	1	0.951084518	-1	-1
9	63	-1	-1	-1	-1	-1	-1	-1	-1	1	-0.515433896	-1	-1
9	65	-1	-1	-1	-1	-1	-1	-1	-1	1	-0.887290609	-1	-1
9	67	-1	-1	-1	-1	-1	-1	-1	-1	1	-0.521818862	-1	-1
9	69	-1	-1	-1	-1	-1	-1	-1	-1	1	-0.077963745	-1	-1
9	71	-1	-1	-1	-1	-1	-1	-1	-1	1	-0.553001783	-1	-1
9	73	-1	-1	-1	-1	-1	-1	-1	-1	1	-0.441958698	-1	-1
9	75	-1	-1	-1	-1	-1	-1	-1	-1	1	-0.295302013	-1	-1
9	77	-1	-1	-1	-1	-1	-1	-1	-1	1	-0.846330917	-1	-1
9	79	-1	-1	-1	-1	-1	-1	-1	-1	1	0.0980918	-1	-1
9	81	-1	-1	-1	-1	-1	-1	-1	-1	1	-0.154060525	-1	-1
9	83	-1	-1	-1	-1	-1	-1	-1	-1	1	-0.310909825	-1	-1
9	85	-1	-1	-1	-1	-1	-1	-1	-1	1	-0.444964936	-1	-1
9	87	-1	-1	-1	-1	-1	-1	-1	-1	1	-0.377438095	-1	-1
9	89	-1	-1	-1	-1	-1	-1	-1	-1	1	-0.943861467	-1	-1
9	91	-1	-1	-1	-1	-1	-1	-1	-1	1	0.062881433	-1	-1
9	93	-1	-1	-1	-1	-1	-1	-0.829657279	-1	1	0.302703314	-1	-1
9	95	-1	-1	-1	-1	-1	-1	-1	-1	1	-0.809490334	-1	-1
9	97	-1	-1	-1	-1	-1	-1	-0.905578136	-0.862465611	1	-0.144066933	-1	-1
9	99	-1	-1	-1	-1	-1	-1	-1	-0.765702891	1	0.130109671	-1	-1
9	101	-1	-1	-1	-1	-1	-1	-1	-0.317424759	1	-0.427875718	-1	-1
9	103	-1	-1	-1	-1	-1	-1	-1	0.095427187	1	-0.180889588	-1	-1
9	105	-1	-1	-1	-1	-1	-1	-1	-1	1	0.323405086	-1	-1
10	1	-1	-1	-1	-1	-1	-1	-1	-1	-0.580718114	1	-1	-1
10	3	-1	-1	-0.75673913	-1	-1	-1	-1	0.07	-1	1	-0.696086957	-1
10	5	-1	-1	-1	-1	-1	-1	0.368126009	-1	-0.360874996	1	-1	-1
10	7	-1	-0.708818444	-1	-1	-1	-1	-0.823400576	-1	0.387435159	1	-0.893025937	-1
10	9	-1	-1	-1	-1	-1	-1	-1	-0.913043478	-0.823908092	1	-1	-1
10	11	-1	-1	-1	-0.729828826	-1	-1	-1	-1	-0.098996848	1	-1	-1
10	13	-1	-1	-0.911817193	-0.921697497	-1	-1	-1	-1	0.548857454	1	-1	-1
10	15	-1	-1	-1	-1	-1	-1	-1	-0.852437001	0.957500592	1	-1	-1
10	17	-1	-1	-1	-1	-0.770198396	-1	-0.879696074	0.476994512	-0.082144365	1	-1	-1
10	19	-1	-1	-0.988553108	-1	-1	-1	-1	-1	0.689856851	1	-1	-1
10	21	-1	-1	-1	-1	-1	-1	-0.974285819	-0.986676543	0.30179414	1	-1	-1
10	23	-1	-1	-1	-1	-0.689247885	-0.972033834	-1	0.084431913	-0.148213061	1	-1	-1
10	25	-1	-1	-1	-1	-0.82818679	-1	-1	0.071939419	-0.162137148	1	-1	-1
10	27	-1	-1	-1	-0.957873265	-0.931385157	-0.981907676	-1	-1	0.929404461	1	-0.902088599	-0.975374337
10	29	-1	-1	-1	-1	-1	-1	-1	-1	0.534141514	1	-1	-1
10	31	-1	-1	-1	-1	-1	-1	-1	-1	-0.248148479	1	-1	-1
10	33	-1	-1	-1	-0.783619678	-1	-0.369557718	-1	-1	-0.508521355	1	0.085972538	-0.372800662
10	35	-1	-1	-1	-1	-1	-1	-1	-1	-0.252987644	1	-1	-1
10	37	-1	-1	-1	-1	-1	-1	-1	-1	0.497747307	1	-1	-1
10	39	-1	-1	-1	-1	-1	-1	-0.323148387	-0.958591705	-0.215351152	1	-1	-1
10	41	-1	-1	-1	-1	-1	-1	-0.851101389	-0.780643181	-0.194872976	1	-1	-1
10	43	-1	-1	-1	-1	-1	-1	-0.882681798	-0.658863157	-0.365637535	1	-1	-1
10	45	-1	-1	-1	-1	-1	-1	-1	-0.80789439	-0.016553361	1	-1	-1
10	47	-1	-0.78064973	-1	-1	-1	-1	-1	-1	-0.325484642	1	-1	-1
10	49	-1	-1	-1	-1	-1	-1	-1	-1	-0.728811702	1	-1	-1
10	51	-1	-1	-1	-1	-1	-1	-1	-1	0.022429543	1	-1	-1
10	53	-1	-1	-1	-1	-1	-1	-1	-1	-0.551112763	1	-1	-1
10	55	-1	-1	-1	-1	-1	-1	-1	-1	0.507554945	1	-1	-1
10	57	-1	-1	-1	-1	-1	-1	-1	-1	0.794474067	1	-1	-1
10	59	-1	-1	-1	-1	-1	-1	-1	-1	-0.974287637	1	-1	-1
10	61	-1	-1	-1	-1	-1	-1	-1	-1	-1	1	-1	-1
10	63	-1	-1	-1	-1	-1	-1	-1	-1	-0.910146798	1	-1	-1
10	65	-1	-1	-1	-1	-1	-1	-1	-1	0.432496326	1	-1	-1
10	67	-1	-1	-1	-1	-1	-1	-1	-1	-0.212360636	1	-1	-1
10	69	-1	-1	-1	-1	-1	-1	-1	-1	0.493331826	1	-1	-1
11	1	-1	-0.980116891	-0.92042873	-1	-1	-0.899652434	-1	-1	-1	-1	1	-1
11	3	-1	-1	-1	-1	-1	-1	-1	-1	-1	-1	1	-1
11	5	-1	-0.544993989	-0.042417998	-0.770565001	0.325777091	-0.308346213	-0.866649493	-0.92194745	-1	-1	1	-1
11	7	-1	-1	-1	-1	-1	-1	-0.939027463	-1	-1	-0.835894852	1	-0.817418325
11	9	-1	-1	-1	-1	-1	-1	-1	-1	-1	-1	1	-0.860080209
11	11	-1	-1	-1	-1	-1	-1	-1	-1	-1	-1	1	-1
11	13	-1	-1	-1	-1	-1	-1	-1	-1	-1	-1	1	-1
11	15	-1	-1	-1	-1	-1	-1	-1	-1	-1	-1	1	-1
11	17	-1	-1	-1	-1	-1	-1	-0.674428986	-1	-0.974803462	-1	1	-0.980011408
11	19	-1	-1	-1	-1	-1	-1	-1	-1	-1	-1	1	-1
11	21	-1	-1	-1	-0.82887002	-1	-1	-0.890267799	-1	-1	-0.778856023	1	-0.885229075
11	23	-1	-1	-1	-1	-1	-1	-0.795609282	-1	-1	-1	1	-0.273030429
11	25	-1	-1	-1	-1	-1	-1	-0.850473906	-1	-1	-1	1	-0.937861329
11	27	-1	-1	-1	-0.946699417	-0.972505373	-0.695855081	-1	-1	-0.808688978	-0.478154744	1	-0.477371815
11	29	-1	-1	-1	-1	-1	-1	-1	-1	-1	-1	1	-0.970019127
11	31	-1	-0.878143187	-0.845339868	-0.742474451	-0.928155718	-0.956893431	-0.618556988	-1	-1	-1	1	-1
11	33	-1	-0.937539224	-0.847551466	-0.268117788	-0.130420734	-0.985049679	-0.860364251	-1	-1	-1	1	-1
11	35	-1	-0.939980453	-0.752064849	0.338750168	-0.815380488	-0.980989978	-0.909319127	-1	-1	-1	1	-1
11	37	-1	-1	-0.933346611	-1	-0.399853947	-1	-1	-1	-1	-1	1	-1
11	39	-1	-1	-1	-1	-0.271345302	-1	-1	-1	-1	-1	1	-1
11	41	-1	-0.838347894	-0.869254913	-0.188740729	0.01433398	-1	-0.629915436	-1	-1	-1	1	-1
11	43	-1	-0.944193766	-0.933405944	-1	-0.421814221	-0.784554743	-1	-1	-1	-1	1	-1
11	45	-1	-1	0.046744482	-1	1	0.192343862	-0.230624551	-0.715107595	-0.920230127	-0.954085302	0.992476628	-1
11	47	-1	-0.927074472	-0.471595391	-0.849756399	-0.829123811	-0.626973939	-0.645549455	-1	-1	-1	1	-1
11	49	-1	-1	-1	-1	-1	-1	-1	-1	-1	-1	1	-1
11	51	-1	-1	-1	-1	-1	-1	-1	-1	-1	-1	1	-1
11	53	-1	-1	-1	-1	-1	-1	-1	-1	-1	-1	1	-1
11	55	-1	-1	-1	-1	-1	-1	-1	-1	-1	-1	1	-1
11	57	-1	-1	-1	-1	-1	-1	-1	-1	-1	-1	1	-1
12	1	-1	-1	-1	-1	-1	-1	-1	-1	-1	-1	-0.291564505	1
12	3	-1	-1	-0.948985273	-0.246318134	-0.776405689	-0.65220912	-0.77934106	-0.96315603	-1	-0.877220507	0.208866845	1
12	5	-1	-0.945574955	-1	-1	-1	-1	-0.957314871	-1	-0.794581577	-0.836845274	-0.937326911	1
12	7	-1	-1	-1	-1	-1	-0.952749427	-1	-1	-1	-1	1	0.836072639
12	9	-1	-1	-1	-1	-1	-0.915701116	-1	-1	-1	-1	-0.651684184	1
12	11	-1	-1	-1	-1	-0.820822708	-0.489743874	0.742765273	-1	-1	-1	-0.788668367	1
12	13	-1	-1	-1	-1	-1	-1	-1	-0.943864388	-1	-1	-1	1
12	15	-1	-1	-1	-1	-1	-1	-1	-0.681611805	-0.926031025	-0.777147181	-1	1
12	17	-1	-0.934830259	-0.932103716	0.266238974	-0.951296445	-1	-0.904089816	-0.679390537	1	-0.784014969	-0.973910719	0.977653034
12	19	-1	-1	-1	-1	-1	-1	-1	-1	-1	-1	-0.719879063	1
12	21	-1	-1	-1	-1	-1	-1	-1	-1	-1	-1	-1	1
12	23	-1	-1	-1	-1	-1	-1	-1	-1	-1	-1	-1	1
12	25	-1	-1	-1	-1	-1	-1	-1	-1	-1	-1	-1	1
12	27	-1	-1	-1	-1	-1	-1	-1	-1	-1	-1	-1	1
12	29	-1	-1	-1	-1	-1	-1	-1	-1	-1	-1	-1	1
12	31	-1	-1	-1	-1	-1	-1	-1	-1	-1	-1	-1	1
12	33	-1	-1	-1	-1	-1	-1	-1	-1	-1	-1	-1	1
